0000000000000000000000000000000000000001
0000000000000000000000000000000000000001
0000000000000000000000000000000000000001
0000000000000000000000000000000000000001
0000000000000001111111110000000000000001
0000000000000001111111110000000000000001
0000000000000001111111110000000000000001
0000000000000001111111110000000000000001
0000000000000001111111110000000000000001
0000000000000001111111110000000000000001
0000000000000000000000000000000000000001
0000000000000000000000000000000000000001
0000000000000000000000000000000000000001
0000000000000000000000000000000000000001
0000000000000000000000000000000000000001
0000000000000000000000000000000000000001
0000000000000000000000000000000000000001
0000000000000000000000000000000000000001
0000000000000000000000000000000000000001
0000000000000000000000000000000000000001
1111111111000000000000000000011111111111
1111111111000000000000000000011111111111
1111111111000000000000000000011111111111
1111111111000000000000000000011111111111
1111111111000000000000000000011111111111
1111111111000000000000000000011111111111
1111111111000000000000000000011111111111
1111111111000000000000000000011111111111
1111111111000000000000000000011111111111
1111111111000000000000000000011111111111
1111111111000000000000000000011111111111
1111111111000000000000000000011111111111
1111110000000000000000000000011111111111
1111110000000000000200000000011111111111
1111110000000000000000000000011111111111
1111110000000000000000000000011111111111
1111111111111111111111111111111111111111
1111111111111111111111111111111111111111
1111111111111111111111111111111111111111
1111111111111111111111111111111111111111
